*Node coordinates
*node i, xi, yi, zi
      1,           2.,           0.,         0.25
      2,   1.89999998,           0.,         0.25
      3,   1.79999995,           0.,         0.25
      4,   1.70000005,           0.,         0.25
      5,   1.60000002,           0.,         0.25
      6,          1.5,           0.,         0.25
      7,   1.39999998,           0.,         0.25
      8,   1.29999995,           0.,         0.25
      9,   1.20000005,           0.,         0.25
     10,   1.10000002,           0.,         0.25
     11,           1.,           0.,         0.25
     12,  0.899999976,           0.,         0.25
     13,  0.800000012,           0.,         0.25
     14,  0.699999988,           0.,         0.25
     15,  0.600000024,           0.,         0.25
     16,          0.5,           0.,         0.25
     17,  0.400000006,           0.,         0.25
     18,  0.300000012,           0.,         0.25
     19,  0.200000003,           0.,         0.25
     20,  0.100000001,           0.,         0.25
     21,           0.,           0.,         0.25
     22,           2.,           0.,  0.166666672
     23,   1.89999998,           0.,  0.166666672
     24,   1.79999995,           0.,  0.166666672
     25,   1.70000005,           0.,  0.166666672
     26,   1.60000002,           0.,  0.166666672
     27,          1.5,           0.,  0.166666672
     28,   1.39999998,           0.,  0.166666672
     29,   1.29999995,           0.,  0.166666672
     30,   1.20000005,           0.,  0.166666672
     31,   1.10000002,           0.,  0.166666672
     32,           1.,           0.,  0.166666672
     33,  0.899999976,           0.,  0.166666672
     34,  0.800000012,           0.,  0.166666672
     35,  0.699999988,           0.,  0.166666672
     36,  0.600000024,           0.,  0.166666672
     37,          0.5,           0.,  0.166666672
     38,  0.400000006,           0.,  0.166666672
     39,  0.300000012,           0.,  0.166666672
     40,  0.200000003,           0.,  0.166666672
     41,  0.100000001,           0.,  0.166666672
     42,           0.,           0.,  0.166666672
     43,           2.,           0., 0.0833333358
     44,   1.89999998,           0., 0.0833333358
     45,   1.79999995,           0., 0.0833333358
     46,   1.70000005,           0., 0.0833333358
     47,   1.60000002,           0., 0.0833333358
     48,          1.5,           0., 0.0833333358
     49,   1.39999998,           0., 0.0833333358
     50,   1.29999995,           0., 0.0833333358
     51,   1.20000005,           0., 0.0833333358
     52,   1.10000002,           0., 0.0833333358
     53,           1.,           0., 0.0833333358
     54,  0.899999976,           0., 0.0833333358
     55,  0.800000012,           0., 0.0833333358
     56,  0.699999988,           0., 0.0833333358
     57,  0.600000024,           0., 0.0833333358
     58,          0.5,           0., 0.0833333358
     59,  0.400000006,           0., 0.0833333358
     60,  0.300000012,           0., 0.0833333358
     61,  0.200000003,           0., 0.0833333358
     62,  0.100000001,           0., 0.0833333358
     63,           0.,           0., 0.0833333358
     64,           2.,           0.,           0.
     65,   1.89999998,           0.,           0.
     66,   1.79999995,           0.,           0.
     67,   1.70000005,           0.,           0.
     68,   1.60000002,           0.,           0.
     69,          1.5,           0.,           0.
     70,   1.39999998,           0.,           0.
     71,   1.29999995,           0.,           0.
     72,   1.20000005,           0.,           0.
     73,   1.10000002,           0.,           0.
     74,           1.,           0.,           0.
     75,  0.899999976,           0.,           0.
     76,  0.800000012,           0.,           0.
     77,  0.699999988,           0.,           0.
     78,  0.600000024,           0.,           0.
     79,          0.5,           0.,           0.
     80,  0.400000006,           0.,           0.
     81,  0.300000012,           0.,           0.
     82,  0.200000003,           0.,           0.
     83,  0.100000001,           0.,           0.
     84,           0.,           0.,           0.
     85,           2.,  0.100000001,         0.25
     86,   1.89999998,  0.100000001,         0.25
     87,   1.79999995,  0.100000001,         0.25
     88,   1.70000005,  0.100000001,         0.25
     89,   1.60000002,  0.100000001,         0.25
     90,          1.5,  0.100000001,         0.25
     91,   1.39999998,  0.100000001,         0.25
     92,   1.29999995,  0.100000001,         0.25
     93,   1.20000005,  0.100000001,         0.25
     94,   1.10000002,  0.100000001,         0.25
     95,           1.,  0.100000001,         0.25
     96,  0.899999976,  0.100000001,         0.25
     97,  0.800000012,  0.100000001,         0.25
     98,  0.699999988,  0.100000001,         0.25
     99,  0.600000024,  0.100000001,         0.25
    100,          0.5,  0.100000001,         0.25
    101,  0.400000006,  0.100000001,         0.25
    102,  0.300000012,  0.100000001,         0.25
    103,  0.200000003,  0.100000001,         0.25
    104,  0.100000001,  0.100000001,         0.25
    105,           0.,  0.100000001,         0.25
    106,           2.,  0.100000001,  0.166666672
    107,   1.89999998,  0.100000001,  0.166666672
    108,   1.79999995,  0.100000001,  0.166666672
    109,   1.70000005,  0.100000001,  0.166666672
    110,   1.60000002,  0.100000001,  0.166666672
    111,          1.5,  0.100000001,  0.166666672
    112,   1.39999998,  0.100000001,  0.166666672
    113,   1.29999995,  0.100000001,  0.166666672
    114,   1.20000005,  0.100000001,  0.166666672
    115,   1.10000002,  0.100000001,  0.166666672
    116,           1.,  0.100000001,  0.166666672
    117,  0.899999976,  0.100000001,  0.166666672
    118,  0.800000012,  0.100000001,  0.166666672
    119,  0.699999988,  0.100000001,  0.166666672
    120,  0.600000024,  0.100000001,  0.166666672
    121,          0.5,  0.100000001,  0.166666672
    122,  0.400000006,  0.100000001,  0.166666672
    123,  0.300000012,  0.100000001,  0.166666672
    124,  0.200000003,  0.100000001,  0.166666672
    125,  0.100000001,  0.100000001,  0.166666672
    126,           0.,  0.100000001,  0.166666672
    127,           2.,  0.100000001, 0.0833333358
    128,   1.89999998,  0.100000001, 0.0833333358
    129,   1.79999995,  0.100000001, 0.0833333358
    130,   1.70000005,  0.100000001, 0.0833333358
    131,   1.60000002,  0.100000001, 0.0833333358
    132,          1.5,  0.100000001, 0.0833333358
    133,   1.39999998,  0.100000001, 0.0833333358
    134,   1.29999995,  0.100000001, 0.0833333358
    135,   1.20000005,  0.100000001, 0.0833333358
    136,   1.10000002,  0.100000001, 0.0833333358
    137,           1.,  0.100000001, 0.0833333358
    138,  0.899999976,  0.100000001, 0.0833333358
    139,  0.800000012,  0.100000001, 0.0833333358
    140,  0.699999988,  0.100000001, 0.0833333358
    141,  0.600000024,  0.100000001, 0.0833333358
    142,          0.5,  0.100000001, 0.0833333358
    143,  0.400000006,  0.100000001, 0.0833333358
    144,  0.300000012,  0.100000001, 0.0833333358
    145,  0.200000003,  0.100000001, 0.0833333358
    146,  0.100000001,  0.100000001, 0.0833333358
    147,           0.,  0.100000001, 0.0833333358
    148,           2.,  0.100000001,           0.
    149,   1.89999998,  0.100000001,           0.
    150,   1.79999995,  0.100000001,           0.
    151,   1.70000005,  0.100000001,           0.
    152,   1.60000002,  0.100000001,           0.
    153,          1.5,  0.100000001,           0.
    154,   1.39999998,  0.100000001,           0.
    155,   1.29999995,  0.100000001,           0.
    156,   1.20000005,  0.100000001,           0.
    157,   1.10000002,  0.100000001,           0.
    158,           1.,  0.100000001,           0.
    159,  0.899999976,  0.100000001,           0.
    160,  0.800000012,  0.100000001,           0.
    161,  0.699999988,  0.100000001,           0.
    162,  0.600000024,  0.100000001,           0.
    163,          0.5,  0.100000001,           0.
    164,  0.400000006,  0.100000001,           0.
    165,  0.300000012,  0.100000001,           0.
    166,  0.200000003,  0.100000001,           0.
    167,  0.100000001,  0.100000001,           0.
    168,           0.,  0.100000001,           0.
    169,           2.,  0.200000003,         0.25
    170,   1.89999998,  0.200000003,         0.25
    171,   1.79999995,  0.200000003,         0.25
    172,   1.70000005,  0.200000003,         0.25
    173,   1.60000002,  0.200000003,         0.25
    174,          1.5,  0.200000003,         0.25
    175,   1.39999998,  0.200000003,         0.25
    176,   1.29999995,  0.200000003,         0.25
    177,   1.20000005,  0.200000003,         0.25
    178,   1.10000002,  0.200000003,         0.25
    179,           1.,  0.200000003,         0.25
    180,  0.899999976,  0.200000003,         0.25
    181,  0.800000012,  0.200000003,         0.25
    182,  0.699999988,  0.200000003,         0.25
    183,  0.600000024,  0.200000003,         0.25
    184,          0.5,  0.200000003,         0.25
    185,  0.400000006,  0.200000003,         0.25
    186,  0.300000012,  0.200000003,         0.25
    187,  0.200000003,  0.200000003,         0.25
    188,  0.100000001,  0.200000003,         0.25
    189,           0.,  0.200000003,         0.25
    190,           2.,  0.200000003,  0.166666672
    191,   1.89999998,  0.200000003,  0.166666672
    192,   1.79999995,  0.200000003,  0.166666672
    193,   1.70000005,  0.200000003,  0.166666672
    194,   1.60000002,  0.200000003,  0.166666672
    195,          1.5,  0.200000003,  0.166666672
    196,   1.39999998,  0.200000003,  0.166666672
    197,   1.29999995,  0.200000003,  0.166666672
    198,   1.20000005,  0.200000003,  0.166666672
    199,   1.10000002,  0.200000003,  0.166666672
    200,           1.,  0.200000003,  0.166666672
    201,  0.899999976,  0.200000003,  0.166666672
    202,  0.800000012,  0.200000003,  0.166666672
    203,  0.699999988,  0.200000003,  0.166666672
    204,  0.600000024,  0.200000003,  0.166666672
    205,          0.5,  0.200000003,  0.166666672
    206,  0.400000006,  0.200000003,  0.166666672
    207,  0.300000012,  0.200000003,  0.166666672
    208,  0.200000003,  0.200000003,  0.166666672
    209,  0.100000001,  0.200000003,  0.166666672
    210,           0.,  0.200000003,  0.166666672
    211,           2.,  0.200000003, 0.0833333358
    212,   1.89999998,  0.200000003, 0.0833333358
    213,   1.79999995,  0.200000003, 0.0833333358
    214,   1.70000005,  0.200000003, 0.0833333358
    215,   1.60000002,  0.200000003, 0.0833333358
    216,          1.5,  0.200000003, 0.0833333358
    217,   1.39999998,  0.200000003, 0.0833333358
    218,   1.29999995,  0.200000003, 0.0833333358
    219,   1.20000005,  0.200000003, 0.0833333358
    220,   1.10000002,  0.200000003, 0.0833333358
    221,           1.,  0.200000003, 0.0833333358
    222,  0.899999976,  0.200000003, 0.0833333358
    223,  0.800000012,  0.200000003, 0.0833333358
    224,  0.699999988,  0.200000003, 0.0833333358
    225,  0.600000024,  0.200000003, 0.0833333358
    226,          0.5,  0.200000003, 0.0833333358
    227,  0.400000006,  0.200000003, 0.0833333358
    228,  0.300000012,  0.200000003, 0.0833333358
    229,  0.200000003,  0.200000003, 0.0833333358
    230,  0.100000001,  0.200000003, 0.0833333358
    231,           0.,  0.200000003, 0.0833333358
    232,           2.,  0.200000003,           0.
    233,   1.89999998,  0.200000003,           0.
    234,   1.79999995,  0.200000003,           0.
    235,   1.70000005,  0.200000003,           0.
    236,   1.60000002,  0.200000003,           0.
    237,          1.5,  0.200000003,           0.
    238,   1.39999998,  0.200000003,           0.
    239,   1.29999995,  0.200000003,           0.
    240,   1.20000005,  0.200000003,           0.
    241,   1.10000002,  0.200000003,           0.
    242,           1.,  0.200000003,           0.
    243,  0.899999976,  0.200000003,           0.
    244,  0.800000012,  0.200000003,           0.
    245,  0.699999988,  0.200000003,           0.
    246,  0.600000024,  0.200000003,           0.
    247,          0.5,  0.200000003,           0.
    248,  0.400000006,  0.200000003,           0.
    249,  0.300000012,  0.200000003,           0.
    250,  0.200000003,  0.200000003,           0.
    251,  0.100000001,  0.200000003,           0.
    252,           0.,  0.200000003,           0.
    253,           2.,  0.300000012,         0.25
    254,   1.89999998,  0.300000012,         0.25
    255,   1.79999995,  0.300000012,         0.25
    256,   1.70000005,  0.300000012,         0.25
    257,   1.60000002,  0.300000012,         0.25
    258,          1.5,  0.300000012,         0.25
    259,   1.39999998,  0.300000012,         0.25
    260,   1.29999995,  0.300000012,         0.25
    261,   1.20000005,  0.300000012,         0.25
    262,   1.10000002,  0.300000012,         0.25
    263,           1.,  0.300000012,         0.25
    264,  0.899999976,  0.300000012,         0.25
    265,  0.800000012,  0.300000012,         0.25
    266,  0.699999988,  0.300000012,         0.25
    267,  0.600000024,  0.300000012,         0.25
    268,          0.5,  0.300000012,         0.25
    269,  0.400000006,  0.300000012,         0.25
    270,  0.300000012,  0.300000012,         0.25
    271,  0.200000003,  0.300000012,         0.25
    272,  0.100000001,  0.300000012,         0.25
    273,           0.,  0.300000012,         0.25
    274,           2.,  0.300000012,  0.166666672
    275,   1.89999998,  0.300000012,  0.166666672
    276,   1.79999995,  0.300000012,  0.166666672
    277,   1.70000005,  0.300000012,  0.166666672
    278,   1.60000002,  0.300000012,  0.166666672
    279,          1.5,  0.300000012,  0.166666672
    280,   1.39999998,  0.300000012,  0.166666672
    281,   1.29999995,  0.300000012,  0.166666672
    282,   1.20000005,  0.300000012,  0.166666672
    283,   1.10000002,  0.300000012,  0.166666672
    284,           1.,  0.300000012,  0.166666672
    285,  0.899999976,  0.300000012,  0.166666672
    286,  0.800000012,  0.300000012,  0.166666672
    287,  0.699999988,  0.300000012,  0.166666672
    288,  0.600000024,  0.300000012,  0.166666672
    289,          0.5,  0.300000012,  0.166666672
    290,  0.400000006,  0.300000012,  0.166666672
    291,  0.300000012,  0.300000012,  0.166666672
    292,  0.200000003,  0.300000012,  0.166666672
    293,  0.100000001,  0.300000012,  0.166666672
    294,           0.,  0.300000012,  0.166666672
    295,           2.,  0.300000012, 0.0833333358
    296,   1.89999998,  0.300000012, 0.0833333358
    297,   1.79999995,  0.300000012, 0.0833333358
    298,   1.70000005,  0.300000012, 0.0833333358
    299,   1.60000002,  0.300000012, 0.0833333358
    300,          1.5,  0.300000012, 0.0833333358
    301,   1.39999998,  0.300000012, 0.0833333358
    302,   1.29999995,  0.300000012, 0.0833333358
    303,   1.20000005,  0.300000012, 0.0833333358
    304,   1.10000002,  0.300000012, 0.0833333358
    305,           1.,  0.300000012, 0.0833333358
    306,  0.899999976,  0.300000012, 0.0833333358
    307,  0.800000012,  0.300000012, 0.0833333358
    308,  0.699999988,  0.300000012, 0.0833333358
    309,  0.600000024,  0.300000012, 0.0833333358
    310,          0.5,  0.300000012, 0.0833333358
    311,  0.400000006,  0.300000012, 0.0833333358
    312,  0.300000012,  0.300000012, 0.0833333358
    313,  0.200000003,  0.300000012, 0.0833333358
    314,  0.100000001,  0.300000012, 0.0833333358
    315,           0.,  0.300000012, 0.0833333358
    316,           2.,  0.300000012,           0.
    317,   1.89999998,  0.300000012,           0.
    318,   1.79999995,  0.300000012,           0.
    319,   1.70000005,  0.300000012,           0.
    320,   1.60000002,  0.300000012,           0.
    321,          1.5,  0.300000012,           0.
    322,   1.39999998,  0.300000012,           0.
    323,   1.29999995,  0.300000012,           0.
    324,   1.20000005,  0.300000012,           0.
    325,   1.10000002,  0.300000012,           0.
    326,           1.,  0.300000012,           0.
    327,  0.899999976,  0.300000012,           0.
    328,  0.800000012,  0.300000012,           0.
    329,  0.699999988,  0.300000012,           0.
    330,  0.600000024,  0.300000012,           0.
    331,          0.5,  0.300000012,           0.
    332,  0.400000006,  0.300000012,           0.
    333,  0.300000012,  0.300000012,           0.
    334,  0.200000003,  0.300000012,           0.
    335,  0.100000001,  0.300000012,           0.
    336,           0.,  0.300000012,           0.
    337,           2.,  0.400000006,         0.25
    338,   1.89999998,  0.400000006,         0.25
    339,   1.79999995,  0.400000006,         0.25
    340,   1.70000005,  0.400000006,         0.25
    341,   1.60000002,  0.400000006,         0.25
    342,          1.5,  0.400000006,         0.25
    343,   1.39999998,  0.400000006,         0.25
    344,   1.29999995,  0.400000006,         0.25
    345,   1.20000005,  0.400000006,         0.25
    346,   1.10000002,  0.400000006,         0.25
    347,           1.,  0.400000006,         0.25
    348,  0.899999976,  0.400000006,         0.25
    349,  0.800000012,  0.400000006,         0.25
    350,  0.699999988,  0.400000006,         0.25
    351,  0.600000024,  0.400000006,         0.25
    352,          0.5,  0.400000006,         0.25
    353,  0.400000006,  0.400000006,         0.25
    354,  0.300000012,  0.400000006,         0.25
    355,  0.200000003,  0.400000006,         0.25
    356,  0.100000001,  0.400000006,         0.25
    357,           0.,  0.400000006,         0.25
    358,           2.,  0.400000006,  0.166666672
    359,   1.89999998,  0.400000006,  0.166666672
    360,   1.79999995,  0.400000006,  0.166666672
    361,   1.70000005,  0.400000006,  0.166666672
    362,   1.60000002,  0.400000006,  0.166666672
    363,          1.5,  0.400000006,  0.166666672
    364,   1.39999998,  0.400000006,  0.166666672
    365,   1.29999995,  0.400000006,  0.166666672
    366,   1.20000005,  0.400000006,  0.166666672
    367,   1.10000002,  0.400000006,  0.166666672
    368,           1.,  0.400000006,  0.166666672
    369,  0.899999976,  0.400000006,  0.166666672
    370,  0.800000012,  0.400000006,  0.166666672
    371,  0.699999988,  0.400000006,  0.166666672
    372,  0.600000024,  0.400000006,  0.166666672
    373,          0.5,  0.400000006,  0.166666672
    374,  0.400000006,  0.400000006,  0.166666672
    375,  0.300000012,  0.400000006,  0.166666672
    376,  0.200000003,  0.400000006,  0.166666672
    377,  0.100000001,  0.400000006,  0.166666672
    378,           0.,  0.400000006,  0.166666672
    379,           2.,  0.400000006, 0.0833333358
    380,   1.89999998,  0.400000006, 0.0833333358
    381,   1.79999995,  0.400000006, 0.0833333358
    382,   1.70000005,  0.400000006, 0.0833333358
    383,   1.60000002,  0.400000006, 0.0833333358
    384,          1.5,  0.400000006, 0.0833333358
    385,   1.39999998,  0.400000006, 0.0833333358
    386,   1.29999995,  0.400000006, 0.0833333358
    387,   1.20000005,  0.400000006, 0.0833333358
    388,   1.10000002,  0.400000006, 0.0833333358
    389,           1.,  0.400000006, 0.0833333358
    390,  0.899999976,  0.400000006, 0.0833333358
    391,  0.800000012,  0.400000006, 0.0833333358
    392,  0.699999988,  0.400000006, 0.0833333358
    393,  0.600000024,  0.400000006, 0.0833333358
    394,          0.5,  0.400000006, 0.0833333358
    395,  0.400000006,  0.400000006, 0.0833333358
    396,  0.300000012,  0.400000006, 0.0833333358
    397,  0.200000003,  0.400000006, 0.0833333358
    398,  0.100000001,  0.400000006, 0.0833333358
    399,           0.,  0.400000006, 0.0833333358
    400,           2.,  0.400000006,           0.
    401,   1.89999998,  0.400000006,           0.
    402,   1.79999995,  0.400000006,           0.
    403,   1.70000005,  0.400000006,           0.
    404,   1.60000002,  0.400000006,           0.
    405,          1.5,  0.400000006,           0.
    406,   1.39999998,  0.400000006,           0.
    407,   1.29999995,  0.400000006,           0.
    408,   1.20000005,  0.400000006,           0.
    409,   1.10000002,  0.400000006,           0.
    410,           1.,  0.400000006,           0.
    411,  0.899999976,  0.400000006,           0.
    412,  0.800000012,  0.400000006,           0.
    413,  0.699999988,  0.400000006,           0.
    414,  0.600000024,  0.400000006,           0.
    415,          0.5,  0.400000006,           0.
    416,  0.400000006,  0.400000006,           0.
    417,  0.300000012,  0.400000006,           0.
    418,  0.200000003,  0.400000006,           0.
    419,  0.100000001,  0.400000006,           0.
    420,           0.,  0.400000006,           0.
    421,           2.,          0.5,         0.25
    422,   1.89999998,          0.5,         0.25
    423,   1.79999995,          0.5,         0.25
    424,   1.70000005,          0.5,         0.25
    425,   1.60000002,          0.5,         0.25
    426,          1.5,          0.5,         0.25
    427,   1.39999998,          0.5,         0.25
    428,   1.29999995,          0.5,         0.25
    429,   1.20000005,          0.5,         0.25
    430,   1.10000002,          0.5,         0.25
    431,           1.,          0.5,         0.25
    432,  0.899999976,          0.5,         0.25
    433,  0.800000012,          0.5,         0.25
    434,  0.699999988,          0.5,         0.25
    435,  0.600000024,          0.5,         0.25
    436,          0.5,          0.5,         0.25
    437,  0.400000006,          0.5,         0.25
    438,  0.300000012,          0.5,         0.25
    439,  0.200000003,          0.5,         0.25
    440,  0.100000001,          0.5,         0.25
    441,           0.,          0.5,         0.25
    442,           2.,          0.5,  0.166666672
    443,   1.89999998,          0.5,  0.166666672
    444,   1.79999995,          0.5,  0.166666672
    445,   1.70000005,          0.5,  0.166666672
    446,   1.60000002,          0.5,  0.166666672
    447,          1.5,          0.5,  0.166666672
    448,   1.39999998,          0.5,  0.166666672
    449,   1.29999995,          0.5,  0.166666672
    450,   1.20000005,          0.5,  0.166666672
    451,   1.10000002,          0.5,  0.166666672
    452,           1.,          0.5,  0.166666672
    453,  0.899999976,          0.5,  0.166666672
    454,  0.800000012,          0.5,  0.166666672
    455,  0.699999988,          0.5,  0.166666672
    456,  0.600000024,          0.5,  0.166666672
    457,          0.5,          0.5,  0.166666672
    458,  0.400000006,          0.5,  0.166666672
    459,  0.300000012,          0.5,  0.166666672
    460,  0.200000003,          0.5,  0.166666672
    461,  0.100000001,          0.5,  0.166666672
    462,           0.,          0.5,  0.166666672
    463,           2.,          0.5, 0.0833333358
    464,   1.89999998,          0.5, 0.0833333358
    465,   1.79999995,          0.5, 0.0833333358
    466,   1.70000005,          0.5, 0.0833333358
    467,   1.60000002,          0.5, 0.0833333358
    468,          1.5,          0.5, 0.0833333358
    469,   1.39999998,          0.5, 0.0833333358
    470,   1.29999995,          0.5, 0.0833333358
    471,   1.20000005,          0.5, 0.0833333358
    472,   1.10000002,          0.5, 0.0833333358
    473,           1.,          0.5, 0.0833333358
    474,  0.899999976,          0.5, 0.0833333358
    475,  0.800000012,          0.5, 0.0833333358
    476,  0.699999988,          0.5, 0.0833333358
    477,  0.600000024,          0.5, 0.0833333358
    478,          0.5,          0.5, 0.0833333358
    479,  0.400000006,          0.5, 0.0833333358
    480,  0.300000012,          0.5, 0.0833333358
    481,  0.200000003,          0.5, 0.0833333358
    482,  0.100000001,          0.5, 0.0833333358
    483,           0.,          0.5, 0.0833333358
    484,           2.,          0.5,           0.
    485,   1.89999998,          0.5,           0.
    486,   1.79999995,          0.5,           0.
    487,   1.70000005,          0.5,           0.
    488,   1.60000002,          0.5,           0.
    489,          1.5,          0.5,           0.
    490,   1.39999998,          0.5,           0.
    491,   1.29999995,          0.5,           0.
    492,   1.20000005,          0.5,           0.
    493,   1.10000002,          0.5,           0.
    494,           1.,          0.5,           0.
    495,  0.899999976,          0.5,           0.
    496,  0.800000012,          0.5,           0.
    497,  0.699999988,          0.5,           0.
    498,  0.600000024,          0.5,           0.
    499,          0.5,          0.5,           0.
    500,  0.400000006,          0.5,           0.
    501,  0.300000012,          0.5,           0.
    502,  0.200000003,          0.5,           0.
    503,  0.100000001,          0.5,           0.
    504,           0.,          0.5,           0.
    505,           2.,  0.600000024,         0.25
    506,   1.89999998,  0.600000024,         0.25
    507,   1.79999995,  0.600000024,         0.25
    508,   1.70000005,  0.600000024,         0.25
    509,   1.60000002,  0.600000024,         0.25
    510,          1.5,  0.600000024,         0.25
    511,   1.39999998,  0.600000024,         0.25
    512,   1.29999995,  0.600000024,         0.25
    513,   1.20000005,  0.600000024,         0.25
    514,   1.10000002,  0.600000024,         0.25
    515,           1.,  0.600000024,         0.25
    516,  0.899999976,  0.600000024,         0.25
    517,  0.800000012,  0.600000024,         0.25
    518,  0.699999988,  0.600000024,         0.25
    519,  0.600000024,  0.600000024,         0.25
    520,          0.5,  0.600000024,         0.25
    521,  0.400000006,  0.600000024,         0.25
    522,  0.300000012,  0.600000024,         0.25
    523,  0.200000003,  0.600000024,         0.25
    524,  0.100000001,  0.600000024,         0.25
    525,           0.,  0.600000024,         0.25
    526,           2.,  0.600000024,  0.166666672
    527,   1.89999998,  0.600000024,  0.166666672
    528,   1.79999995,  0.600000024,  0.166666672
    529,   1.70000005,  0.600000024,  0.166666672
    530,   1.60000002,  0.600000024,  0.166666672
    531,          1.5,  0.600000024,  0.166666672
    532,   1.39999998,  0.600000024,  0.166666672
    533,   1.29999995,  0.600000024,  0.166666672
    534,   1.20000005,  0.600000024,  0.166666672
    535,   1.10000002,  0.600000024,  0.166666672
    536,           1.,  0.600000024,  0.166666672
    537,  0.899999976,  0.600000024,  0.166666672
    538,  0.800000012,  0.600000024,  0.166666672
    539,  0.699999988,  0.600000024,  0.166666672
    540,  0.600000024,  0.600000024,  0.166666672
    541,          0.5,  0.600000024,  0.166666672
    542,  0.400000006,  0.600000024,  0.166666672
    543,  0.300000012,  0.600000024,  0.166666672
    544,  0.200000003,  0.600000024,  0.166666672
    545,  0.100000001,  0.600000024,  0.166666672
    546,           0.,  0.600000024,  0.166666672
    547,           2.,  0.600000024, 0.0833333358
    548,   1.89999998,  0.600000024, 0.0833333358
    549,   1.79999995,  0.600000024, 0.0833333358
    550,   1.70000005,  0.600000024, 0.0833333358
    551,   1.60000002,  0.600000024, 0.0833333358
    552,          1.5,  0.600000024, 0.0833333358
    553,   1.39999998,  0.600000024, 0.0833333358
    554,   1.29999995,  0.600000024, 0.0833333358
    555,   1.20000005,  0.600000024, 0.0833333358
    556,   1.10000002,  0.600000024, 0.0833333358
    557,           1.,  0.600000024, 0.0833333358
    558,  0.899999976,  0.600000024, 0.0833333358
    559,  0.800000012,  0.600000024, 0.0833333358
    560,  0.699999988,  0.600000024, 0.0833333358
    561,  0.600000024,  0.600000024, 0.0833333358
    562,          0.5,  0.600000024, 0.0833333358
    563,  0.400000006,  0.600000024, 0.0833333358
    564,  0.300000012,  0.600000024, 0.0833333358
    565,  0.200000003,  0.600000024, 0.0833333358
    566,  0.100000001,  0.600000024, 0.0833333358
    567,           0.,  0.600000024, 0.0833333358
    568,           2.,  0.600000024,           0.
    569,   1.89999998,  0.600000024,           0.
    570,   1.79999995,  0.600000024,           0.
    571,   1.70000005,  0.600000024,           0.
    572,   1.60000002,  0.600000024,           0.
    573,          1.5,  0.600000024,           0.
    574,   1.39999998,  0.600000024,           0.
    575,   1.29999995,  0.600000024,           0.
    576,   1.20000005,  0.600000024,           0.
    577,   1.10000002,  0.600000024,           0.
    578,           1.,  0.600000024,           0.
    579,  0.899999976,  0.600000024,           0.
    580,  0.800000012,  0.600000024,           0.
    581,  0.699999988,  0.600000024,           0.
    582,  0.600000024,  0.600000024,           0.
    583,          0.5,  0.600000024,           0.
    584,  0.400000006,  0.600000024,           0.
    585,  0.300000012,  0.600000024,           0.
    586,  0.200000003,  0.600000024,           0.
    587,  0.100000001,  0.600000024,           0.
    588,           0.,  0.600000024,           0.
    589,           2.,  0.699999988,         0.25
    590,   1.89999998,  0.699999988,         0.25
    591,   1.79999995,  0.699999988,         0.25
    592,   1.70000005,  0.699999988,         0.25
    593,   1.60000002,  0.699999988,         0.25
    594,          1.5,  0.699999988,         0.25
    595,   1.39999998,  0.699999988,         0.25
    596,   1.29999995,  0.699999988,         0.25
    597,   1.20000005,  0.699999988,         0.25
    598,   1.10000002,  0.699999988,         0.25
    599,           1.,  0.699999988,         0.25
    600,  0.899999976,  0.699999988,         0.25
    601,  0.800000012,  0.699999988,         0.25
    602,  0.699999988,  0.699999988,         0.25
    603,  0.600000024,  0.699999988,         0.25
    604,          0.5,  0.699999988,         0.25
    605,  0.400000006,  0.699999988,         0.25
    606,  0.300000012,  0.699999988,         0.25
    607,  0.200000003,  0.699999988,         0.25
    608,  0.100000001,  0.699999988,         0.25
    609,           0.,  0.699999988,         0.25
    610,           2.,  0.699999988,  0.166666672
    611,   1.89999998,  0.699999988,  0.166666672
    612,   1.79999995,  0.699999988,  0.166666672
    613,   1.70000005,  0.699999988,  0.166666672
    614,   1.60000002,  0.699999988,  0.166666672
    615,          1.5,  0.699999988,  0.166666672
    616,   1.39999998,  0.699999988,  0.166666672
    617,   1.29999995,  0.699999988,  0.166666672
    618,   1.20000005,  0.699999988,  0.166666672
    619,   1.10000002,  0.699999988,  0.166666672
    620,           1.,  0.699999988,  0.166666672
    621,  0.899999976,  0.699999988,  0.166666672
    622,  0.800000012,  0.699999988,  0.166666672
    623,  0.699999988,  0.699999988,  0.166666672
    624,  0.600000024,  0.699999988,  0.166666672
    625,          0.5,  0.699999988,  0.166666672
    626,  0.400000006,  0.699999988,  0.166666672
    627,  0.300000012,  0.699999988,  0.166666672
    628,  0.200000003,  0.699999988,  0.166666672
    629,  0.100000001,  0.699999988,  0.166666672
    630,           0.,  0.699999988,  0.166666672
    631,           2.,  0.699999988, 0.0833333358
    632,   1.89999998,  0.699999988, 0.0833333358
    633,   1.79999995,  0.699999988, 0.0833333358
    634,   1.70000005,  0.699999988, 0.0833333358
    635,   1.60000002,  0.699999988, 0.0833333358
    636,          1.5,  0.699999988, 0.0833333358
    637,   1.39999998,  0.699999988, 0.0833333358
    638,   1.29999995,  0.699999988, 0.0833333358
    639,   1.20000005,  0.699999988, 0.0833333358
    640,   1.10000002,  0.699999988, 0.0833333358
    641,           1.,  0.699999988, 0.0833333358
    642,  0.899999976,  0.699999988, 0.0833333358
    643,  0.800000012,  0.699999988, 0.0833333358
    644,  0.699999988,  0.699999988, 0.0833333358
    645,  0.600000024,  0.699999988, 0.0833333358
    646,          0.5,  0.699999988, 0.0833333358
    647,  0.400000006,  0.699999988, 0.0833333358
    648,  0.300000012,  0.699999988, 0.0833333358
    649,  0.200000003,  0.699999988, 0.0833333358
    650,  0.100000001,  0.699999988, 0.0833333358
    651,           0.,  0.699999988, 0.0833333358
    652,           2.,  0.699999988,           0.
    653,   1.89999998,  0.699999988,           0.
    654,   1.79999995,  0.699999988,           0.
    655,   1.70000005,  0.699999988,           0.
    656,   1.60000002,  0.699999988,           0.
    657,          1.5,  0.699999988,           0.
    658,   1.39999998,  0.699999988,           0.
    659,   1.29999995,  0.699999988,           0.
    660,   1.20000005,  0.699999988,           0.
    661,   1.10000002,  0.699999988,           0.
    662,           1.,  0.699999988,           0.
    663,  0.899999976,  0.699999988,           0.
    664,  0.800000012,  0.699999988,           0.
    665,  0.699999988,  0.699999988,           0.
    666,  0.600000024,  0.699999988,           0.
    667,          0.5,  0.699999988,           0.
    668,  0.400000006,  0.699999988,           0.
    669,  0.300000012,  0.699999988,           0.
    670,  0.200000003,  0.699999988,           0.
    671,  0.100000001,  0.699999988,           0.
    672,           0.,  0.699999988,           0.
    673,           2.,  0.800000012,         0.25
    674,   1.89999998,  0.800000012,         0.25
    675,   1.79999995,  0.800000012,         0.25
    676,   1.70000005,  0.800000012,         0.25
    677,   1.60000002,  0.800000012,         0.25
    678,          1.5,  0.800000012,         0.25
    679,   1.39999998,  0.800000012,         0.25
    680,   1.29999995,  0.800000012,         0.25
    681,   1.20000005,  0.800000012,         0.25
    682,   1.10000002,  0.800000012,         0.25
    683,           1.,  0.800000012,         0.25
    684,  0.899999976,  0.800000012,         0.25
    685,  0.800000012,  0.800000012,         0.25
    686,  0.699999988,  0.800000012,         0.25
    687,  0.600000024,  0.800000012,         0.25
    688,          0.5,  0.800000012,         0.25
    689,  0.400000006,  0.800000012,         0.25
    690,  0.300000012,  0.800000012,         0.25
    691,  0.200000003,  0.800000012,         0.25
    692,  0.100000001,  0.800000012,         0.25
    693,           0.,  0.800000012,         0.25
    694,           2.,  0.800000012,  0.166666672
    695,   1.89999998,  0.800000012,  0.166666672
    696,   1.79999995,  0.800000012,  0.166666672
    697,   1.70000005,  0.800000012,  0.166666672
    698,   1.60000002,  0.800000012,  0.166666672
    699,          1.5,  0.800000012,  0.166666672
    700,   1.39999998,  0.800000012,  0.166666672
    701,   1.29999995,  0.800000012,  0.166666672
    702,   1.20000005,  0.800000012,  0.166666672
    703,   1.10000002,  0.800000012,  0.166666672
    704,           1.,  0.800000012,  0.166666672
    705,  0.899999976,  0.800000012,  0.166666672
    706,  0.800000012,  0.800000012,  0.166666672
    707,  0.699999988,  0.800000012,  0.166666672
    708,  0.600000024,  0.800000012,  0.166666672
    709,          0.5,  0.800000012,  0.166666672
    710,  0.400000006,  0.800000012,  0.166666672
    711,  0.300000012,  0.800000012,  0.166666672
    712,  0.200000003,  0.800000012,  0.166666672
    713,  0.100000001,  0.800000012,  0.166666672
    714,           0.,  0.800000012,  0.166666672
    715,           2.,  0.800000012, 0.0833333358
    716,   1.89999998,  0.800000012, 0.0833333358
    717,   1.79999995,  0.800000012, 0.0833333358
    718,   1.70000005,  0.800000012, 0.0833333358
    719,   1.60000002,  0.800000012, 0.0833333358
    720,          1.5,  0.800000012, 0.0833333358
    721,   1.39999998,  0.800000012, 0.0833333358
    722,   1.29999995,  0.800000012, 0.0833333358
    723,   1.20000005,  0.800000012, 0.0833333358
    724,   1.10000002,  0.800000012, 0.0833333358
    725,           1.,  0.800000012, 0.0833333358
    726,  0.899999976,  0.800000012, 0.0833333358
    727,  0.800000012,  0.800000012, 0.0833333358
    728,  0.699999988,  0.800000012, 0.0833333358
    729,  0.600000024,  0.800000012, 0.0833333358
    730,          0.5,  0.800000012, 0.0833333358
    731,  0.400000006,  0.800000012, 0.0833333358
    732,  0.300000012,  0.800000012, 0.0833333358
    733,  0.200000003,  0.800000012, 0.0833333358
    734,  0.100000001,  0.800000012, 0.0833333358
    735,           0.,  0.800000012, 0.0833333358
    736,           2.,  0.800000012,           0.
    737,   1.89999998,  0.800000012,           0.
    738,   1.79999995,  0.800000012,           0.
    739,   1.70000005,  0.800000012,           0.
    740,   1.60000002,  0.800000012,           0.
    741,          1.5,  0.800000012,           0.
    742,   1.39999998,  0.800000012,           0.
    743,   1.29999995,  0.800000012,           0.
    744,   1.20000005,  0.800000012,           0.
    745,   1.10000002,  0.800000012,           0.
    746,           1.,  0.800000012,           0.
    747,  0.899999976,  0.800000012,           0.
    748,  0.800000012,  0.800000012,           0.
    749,  0.699999988,  0.800000012,           0.
    750,  0.600000024,  0.800000012,           0.
    751,          0.5,  0.800000012,           0.
    752,  0.400000006,  0.800000012,           0.
    753,  0.300000012,  0.800000012,           0.
    754,  0.200000003,  0.800000012,           0.
    755,  0.100000001,  0.800000012,           0.
    756,           0.,  0.800000012,           0.
    757,           2.,  0.899999976,         0.25
    758,   1.89999998,  0.899999976,         0.25
    759,   1.79999995,  0.899999976,         0.25
    760,   1.70000005,  0.899999976,         0.25
    761,   1.60000002,  0.899999976,         0.25
    762,          1.5,  0.899999976,         0.25
    763,   1.39999998,  0.899999976,         0.25
    764,   1.29999995,  0.899999976,         0.25
    765,   1.20000005,  0.899999976,         0.25
    766,   1.10000002,  0.899999976,         0.25
    767,           1.,  0.899999976,         0.25
    768,  0.899999976,  0.899999976,         0.25
    769,  0.800000012,  0.899999976,         0.25
    770,  0.699999988,  0.899999976,         0.25
    771,  0.600000024,  0.899999976,         0.25
    772,          0.5,  0.899999976,         0.25
    773,  0.400000006,  0.899999976,         0.25
    774,  0.300000012,  0.899999976,         0.25
    775,  0.200000003,  0.899999976,         0.25
    776,  0.100000001,  0.899999976,         0.25
    777,           0.,  0.899999976,         0.25
    778,           2.,  0.899999976,  0.166666672
    779,   1.89999998,  0.899999976,  0.166666672
    780,   1.79999995,  0.899999976,  0.166666672
    781,   1.70000005,  0.899999976,  0.166666672
    782,   1.60000002,  0.899999976,  0.166666672
    783,          1.5,  0.899999976,  0.166666672
    784,   1.39999998,  0.899999976,  0.166666672
    785,   1.29999995,  0.899999976,  0.166666672
    786,   1.20000005,  0.899999976,  0.166666672
    787,   1.10000002,  0.899999976,  0.166666672
    788,           1.,  0.899999976,  0.166666672
    789,  0.899999976,  0.899999976,  0.166666672
    790,  0.800000012,  0.899999976,  0.166666672
    791,  0.699999988,  0.899999976,  0.166666672
    792,  0.600000024,  0.899999976,  0.166666672
    793,          0.5,  0.899999976,  0.166666672
    794,  0.400000006,  0.899999976,  0.166666672
    795,  0.300000012,  0.899999976,  0.166666672
    796,  0.200000003,  0.899999976,  0.166666672
    797,  0.100000001,  0.899999976,  0.166666672
    798,           0.,  0.899999976,  0.166666672
    799,           2.,  0.899999976, 0.0833333358
    800,   1.89999998,  0.899999976, 0.0833333358
    801,   1.79999995,  0.899999976, 0.0833333358
    802,   1.70000005,  0.899999976, 0.0833333358
    803,   1.60000002,  0.899999976, 0.0833333358
    804,          1.5,  0.899999976, 0.0833333358
    805,   1.39999998,  0.899999976, 0.0833333358
    806,   1.29999995,  0.899999976, 0.0833333358
    807,   1.20000005,  0.899999976, 0.0833333358
    808,   1.10000002,  0.899999976, 0.0833333358
    809,           1.,  0.899999976, 0.0833333358
    810,  0.899999976,  0.899999976, 0.0833333358
    811,  0.800000012,  0.899999976, 0.0833333358
    812,  0.699999988,  0.899999976, 0.0833333358
    813,  0.600000024,  0.899999976, 0.0833333358
    814,          0.5,  0.899999976, 0.0833333358
    815,  0.400000006,  0.899999976, 0.0833333358
    816,  0.300000012,  0.899999976, 0.0833333358
    817,  0.200000003,  0.899999976, 0.0833333358
    818,  0.100000001,  0.899999976, 0.0833333358
    819,           0.,  0.899999976, 0.0833333358
    820,           2.,  0.899999976,           0.
    821,   1.89999998,  0.899999976,           0.
    822,   1.79999995,  0.899999976,           0.
    823,   1.70000005,  0.899999976,           0.
    824,   1.60000002,  0.899999976,           0.
    825,          1.5,  0.899999976,           0.
    826,   1.39999998,  0.899999976,           0.
    827,   1.29999995,  0.899999976,           0.
    828,   1.20000005,  0.899999976,           0.
    829,   1.10000002,  0.899999976,           0.
    830,           1.,  0.899999976,           0.
    831,  0.899999976,  0.899999976,           0.
    832,  0.800000012,  0.899999976,           0.
    833,  0.699999988,  0.899999976,           0.
    834,  0.600000024,  0.899999976,           0.
    835,          0.5,  0.899999976,           0.
    836,  0.400000006,  0.899999976,           0.
    837,  0.300000012,  0.899999976,           0.
    838,  0.200000003,  0.899999976,           0.
    839,  0.100000001,  0.899999976,           0.
    840,           0.,  0.899999976,           0.
    841,           2.,           1.,         0.25
    842,   1.89999998,           1.,         0.25
    843,   1.79999995,           1.,         0.25
    844,   1.70000005,           1.,         0.25
    845,   1.60000002,           1.,         0.25
    846,          1.5,           1.,         0.25
    847,   1.39999998,           1.,         0.25
    848,   1.29999995,           1.,         0.25
    849,   1.20000005,           1.,         0.25
    850,   1.10000002,           1.,         0.25
    851,           1.,           1.,         0.25
    852,  0.899999976,           1.,         0.25
    853,  0.800000012,           1.,         0.25
    854,  0.699999988,           1.,         0.25
    855,  0.600000024,           1.,         0.25
    856,          0.5,           1.,         0.25
    857,  0.400000006,           1.,         0.25
    858,  0.300000012,           1.,         0.25
    859,  0.200000003,           1.,         0.25
    860,  0.100000001,           1.,         0.25
    861,           0.,           1.,         0.25
    862,           2.,           1.,  0.166666672
    863,   1.89999998,           1.,  0.166666672
    864,   1.79999995,           1.,  0.166666672
    865,   1.70000005,           1.,  0.166666672
    866,   1.60000002,           1.,  0.166666672
    867,          1.5,           1.,  0.166666672
    868,   1.39999998,           1.,  0.166666672
    869,   1.29999995,           1.,  0.166666672
    870,   1.20000005,           1.,  0.166666672
    871,   1.10000002,           1.,  0.166666672
    872,           1.,           1.,  0.166666672
    873,  0.899999976,           1.,  0.166666672
    874,  0.800000012,           1.,  0.166666672
    875,  0.699999988,           1.,  0.166666672
    876,  0.600000024,           1.,  0.166666672
    877,          0.5,           1.,  0.166666672
    878,  0.400000006,           1.,  0.166666672
    879,  0.300000012,           1.,  0.166666672
    880,  0.200000003,           1.,  0.166666672
    881,  0.100000001,           1.,  0.166666672
    882,           0.,           1.,  0.166666672
    883,           2.,           1., 0.0833333358
    884,   1.89999998,           1., 0.0833333358
    885,   1.79999995,           1., 0.0833333358
    886,   1.70000005,           1., 0.0833333358
    887,   1.60000002,           1., 0.0833333358
    888,          1.5,           1., 0.0833333358
    889,   1.39999998,           1., 0.0833333358
    890,   1.29999995,           1., 0.0833333358
    891,   1.20000005,           1., 0.0833333358
    892,   1.10000002,           1., 0.0833333358
    893,           1.,           1., 0.0833333358
    894,  0.899999976,           1., 0.0833333358
    895,  0.800000012,           1., 0.0833333358
    896,  0.699999988,           1., 0.0833333358
    897,  0.600000024,           1., 0.0833333358
    898,          0.5,           1., 0.0833333358
    899,  0.400000006,           1., 0.0833333358
    900,  0.300000012,           1., 0.0833333358
    901,  0.200000003,           1., 0.0833333358
    902,  0.100000001,           1., 0.0833333358
    903,           0.,           1., 0.0833333358
    904,           2.,           1.,           0.
    905,   1.89999998,           1.,           0.
    906,   1.79999995,           1.,           0.
    907,   1.70000005,           1.,           0.
    908,   1.60000002,           1.,           0.
    909,          1.5,           1.,           0.
    910,   1.39999998,           1.,           0.
    911,   1.29999995,           1.,           0.
    912,   1.20000005,           1.,           0.
    913,   1.10000002,           1.,           0.
    914,           1.,           1.,           0.
    915,  0.899999976,           1.,           0.
    916,  0.800000012,           1.,           0.
    917,  0.699999988,           1.,           0.
    918,  0.600000024,           1.,           0.
    919,          0.5,           1.,           0.
    920,  0.400000006,           1.,           0.
    921,  0.300000012,           1.,           0.
    922,  0.200000003,           1.,           0.
    923,  0.100000001,           1.,           0.
    924,           0.,           1.,           0.